Title,First Name,Middle Name,Last Name,Suffix,Company,Department,Job Title,Business Street,Business Street 2,Business Street 3,Business City,Business State,Business Postal Code,Business Country,Home Street,Home Street 2,Home Street 3,Home City,Home State,Home Postal Code,Home Country,Other Street,Other Street 2,Other Street 3,Other City,Other State,Other Postal Code,Other Country,Assistant's Phone,Business Fax,Business Phone,Business Phone 2,Callback,Car Phone,Company Main Phone,Home Fax,Home Phone,Home Phone 2,ISDN,Mobile Phone,Other Fax,Other Phone,Pager,Primary Phone,Radio Phone,TTY/TDD Phone,Telex,Account,Anniversary,Assistant's Name,Billing Information,Birthday,Categories,Children,Directory Server,E-mail Address,E-mail Type,E-mail Display Name,E-mail 2 Address,E-mail 2 Type,E-mail 2 Display Name,E-mail 3 Address,E-mail 3 Type,E-mail 3 Display Name,Gender,Government ID Number,Hobby,Initials,Internet Free Busy,Keywords,Language,Location,Manager's Name,Mileage,Notes,Office Location,Organizational ID Number,PO Box,Priority,Private,Profession,Referred By,Sensitivity,Spouse,User 1,User 2,User 3,User 4,Web Page
,John,a,Doe,Senior,Kaboom,Safety,Engineer,1 Nowhere Lane,,,Somewhere,SO,12345,USA,2 Elsewhere Lane,,,Down,DO,23456,,,,,,,,,,311-555-5fax,311-555-5678,,,,,,311-555-4444,,,311-555-5555,,,,,,,,,0/0/00,,,5/12/1977,,"Tim, Tony, Tom",,john@flossrecycling.com ,SMTP,john@flossrecycling.com ,john2@flossrecycling.com ,,,,,,Unspecified,,,,,,,,,,"This is a note.  Yes, a note.",,,,Normal,FALSE,,,Normal,,,,,,http://nowhere.com
,Jane,,Doe,,,,,,,,,,,,,,,,,,,,,,,,,,,,,,,,,,311-555-4444,,,,,,,,,,,,0/0/00,,,0/0/00,,,,jane@flossresearch.org ,SMTP,jane@flossresearch.org ,,,,,,,,,,,,,,,,,,,,,,,,,,,,,,,
,,,Smith,,,,,,,,,,,,,,,,,,,,,,,,,,,,,,,,,,,,,,,,,,,,,,0/0/00,,,0/0/00,,,,jacky@catfloss.org ,SMTP,jacky@catfloss.org ,,,,,,,,,,,,,,,,,,,,,,,,,,,,,,,
